5101127560199
32883230320152
11886034430841
26650541450842
49395268139772
21428565099433
45714180733274
12905253970584
42383209126877
95610761147546
69934947191066
28020060944031
13901696122554
39111658732606
77114003287085
45136175195381
83658433842436
14917834147662
78656649477617
88218119106430
50442047105411
7762552746331
60418576987976
14553519737141
15315264579969
54826835280213
72353034779670
70344969664690
53781410213487
18769176431694
22418018493294
86636432704671
40424120001311
60787441097242
72519335972804
64692259399517
227110079506
14911327788420
24889647974687
53235470119721
89068240497234
15836965193554
2609066051142
96864501304554
26873348174981
36470572322892
4687583274830
7183988329859
33383839843211
27863031560007
93756935186035
10665779721344
51443040120133
27935557237574
64431117832922
72074096068862
12686754142315
49747896921360
28760814084763
90184785264774
90933590505104
91079018138799
69964076496972
15497075284361
17411533067006
6936708160032
40042621075122
83874789918172
57420396720131
27068399626799
60931636651660
32538232457510
76324339974355
31418324298912
5354198834654
35887685525277
33693893322284
58461013434849
6395784356701
22025070100457
10798961194404
50744090396828
21809677949782
53933060339680
69192629637085
17619145546347
56165553532203
43545644614303
66797988967160
68811639034464
82841156597417
65051480630501
67206109725196
13651436336280
9088470596785
15493262536184
45296051001664
13770223668794
63297419052877
15382091883515
49268097601171
28507111060623
516915100518
25888291832773
73688142457943
50195737706587
21629331827365
3910382161857
50684563991752
2427067027915
43441590183034
65740232427512
70908898557546
4562900337494
49610587514124
56872822824307
5411614673531
94537154016300
67577906519033
29311900030559
81925753747084
29664419984298
18244990199124
67777859613484
49283599777392
43213214730559
48669643768251
84184300849286
95987693834994
739553706721
92624689137517
93170488877542
59061140434019
1555785182119
7930080238452
55025124376620
24099173621157
88756489212417
32188364898997
73516715870620
68542417601468
30095093780455
43266905107901
9886215301280
50086204176131
54201774148032
87422150329146
75703293812529
38318828833041
11964578725038
74392061688535
71072235751005
61611860582833
71232277231761
78972291890769
56022211587815
64370230338847
36861439662032
88282134167804
59302106123868
58412703073494
45376414028874
83951504676256
24857649049663
55873908550254
79903284550987
35023735688082
66828281598112
15191281264895
35513819903125
97007903240768
30044564880645
33731354887985
33587306369787
45214863166735
16075608907848
67254462588440
27181397050833
57444775935424
12461418915717
27237237657576
89064509934167
89828103936362
34783043835578
36985179116660
7302059322717
52540050868360
70094584613398
80429142301137
84710256591352
98189401293411
66931833971265
47055395003351
11971642765376
89850202498527
24138696860076
47613131205058
11001469075706
48896478223972
42317383219033
20281088591295
68570785732209
75135294245872
66097553050197
78551200499343
9137629853701
82820121876169
26615113637955
73683101323433
19729919354369
72327418473506
32831161500540
98145987103609
16952121701703
59247496547199
51201654487898
92206848796523
44431067234738
1874658662607
85164062265462
61686442700202
53218051483078
69543306013186
75010532870405
55602952262382
28371969299868
49108492142733
83839222994562
3873834831595
81090892825086
94555390930900
46572821669458
86793026973249
96865627291683
46137004957924
40237467368220
15147775372606
20856700818765
94332808026647
38791531522889
62199847061028
64360922514486
43454439328067
48485496018035
72597909076151
88914562681943
75549037955102
4769666260794
30904150029222
34688049079340
56579206593696
70114429851173
69593462356565
76687243885939
84369577969534
97377508808499
50506472938390
19561070765287
66087414169777
7084782615729
37804419893546
19496824479051
1652935197925
99579247500451
73244469943880
95957387824993
2012644994173
32747475602943
2145048934656
16064851541535
48066536730811
45943685400890
58381822143703
22675287273508
89129730587301
28680726184963
69908853007923
96305557668604
47130348812212
73339390912456
41032887618397
99503439326956
37793113071907
30257982252871
42280742460024
56899144845591
95354596522572
4055098141388
77441522342302
69799874406746
96187026215616
27825613036601
23341818023258
87200141478904
38211552351591
38959762663526
37591211479602
81171026062669
91804058370402
29299261510936
85155130421700
5549219113991
91963591965649
55428191405076
8096492069874
14016648139073
52725575959979
29524582562558
19338273930462
80276819581134
21282500337927
5575329596816
5498499337205
12464776196348
40920557140928
56486344776526
82633822603476
66299261167517
87252028118898
25923374961885
4586294342580
40291080636397
31536853597026
97115544847554
75871048090937
98918552865789
58412865497813
56528736636302
63409892038987
213323047917
96767815066757
1330907580034
55114576298373
88163926439465
10243891567755
15328936679981
25386840256888
43498255629646
50434843649585
65323192564535
51316140946124
61539605369020
84362593182030
4126642764262
93719397618458
39500456124929
51791468043158
63320914231246
82129635790339
95809378170432
65116300635662
92678413858805
23196323445973
1452790372194
76888515610755
76692719840525
86078466151932
67443877345445
89276067596517
2892014567728
28039802546280
76230678891240
67727132791718
16182371248356
88145999762162
71570013765779
36110863873828
32879214286568
13120402624238
74225500048832
58034329295688
65742310455627
34469017272427
13527892166336
59739292667851
91996943163757
65856560703160
98702251449359
83417512122673
67030080421498
33547458512497
9120498137300
41094129378524
7370339246671
50408522120981
51813341011953
56525606060132
31934936021950
2878370703218
39931153206408
67869721823482
57870068727693
34967688002154
26204798080996
22752180540419
59202754027429
13208073800500
35114111978002
3146302882710
30203630914803
6428341960480
54630143247532
7098573214278
16923137184418
21585625899323
62254546339560
77514235724288
56660498916556
25316185260677
93678830660075
51774630978345
82073740025685
29296106392861
48593075500233
34623864193950
99295530621563
8532835600371
51114078554275
74558474585839
5152544312230
92620649871444
56911244838118
50281802864354
36226837562196
83071678766648
20746886245988
72304042114184
2032333789497
66591064912370
74751275192318
97504553084050
69667968944790
28137773120656
66991810678893
67673024046740
34095408263754
13217131270685
52071293515014
64452522863361
16848453763958
87474754137155
85277387815373
59538171822156
59826562429639
29521818432826
53705866026476
20673417904785
36418376079901
21782011832830
16894755382370
41450770461659
48588049038497
99556551889638
30972762936115
68725749399735
82902269998559
49319620579758
54629257443901
50230560054193
29213430962979
3823772416385
79724702106549
20890236226543
74957993234612
71523624408604
47975445292644
89468315985316
36004804142028
43446356957811
30073683609096
3901133795511
60999266684805
40767020692935
3567728696472
40996218375671
65314507649226
22439831515626
36384348736678
21427580380569
93966448667110
4406623256291
82607053888875
47804515346155
95555502365381
12165508461625
77225876738527
33405675509894
64706492582470
43538173148271
90026864634887
76217763731870
76762426401336
60647849957347
31349666181250
65024656728482
75577888858502
82785253461548
28967811471921
4642781756076
97387742050824
83707922592106
78334983679276
41171276704446
91912661735185
56542405572578
73775180113690
29440204735200
42386412433727
73279555994691
71620179432428
53148111814140
24274650836502
60247128097576
83965897330437
40753685719613
11588901753352
13772444644235
81413071986464
94593304456781
49049444604902
17772382492576
34241023643304
65504904327613
54774884915370
50317148348631
59035106468337
85193157417035
42299489784382
8907763172731
26214036938660
96608009301293
36894836163433
80209302136657
23911324183484
85205874196905
52985050013706
54595026204944
74048678488928
83623090613247
15163881280831
52302829904168
49043174839785
25491142222829
50696868728609
96412260787424
61448923840149
68952475407482
35602704265620
21968032164520
72653901176418
33439836000448
4141991259779
92365174522464
99064458446310
98006827572265
69496658448054
29281407593877
17795523113448
40634601883680
90869310705547
89919175649594
23700354291007
2515088305231
98666290864528
48110164713788
79196722523202
48125739609083
52702228707912
55562217746140
43029842156527
87230601225085
71250469540177
56869857138364
48026179495552
97743044548618
53483545375045
22729143944102
80230005513270
36727286973976
47277044147868
60081081106322
22910337421436
7071592218778
2372520248795
28289316494472
16965093502355
24202354505866
446712280142
82694810657950
89606984624531
55006793860346
92956446430033
56047626130763
28224982505224
33438550685581
90586099674572
12871918139084
58015375888966
75914427775625
6734072560513
77288576139188
80302098753949
12573055684301
43712868352366
46178467619017
48506951002795
53925844254926
97887140386270
68389048345333
49065083867039
40999182933197
28174349173354
55505815885415
52142993539728
17468515240810
25677910389361
69261921323706
48778696547786
7446295253698
29744504622466
63586552129638
96186391673378
30528456584284
44850292237326
63513859826451
30674462517531
85232351257563
18164632951976
78091405991423
42555044566558
778993994402
94463477078000
75366971016015
94729082148906
95065138625070
75312807649860
67624579447091
75637321293280
20757255270514
63925532395485
39144102372081
33226306714725
23048081918260
22628059697818
80777002566441
38925412094963
33454629449107
98454851838610
102452089641
31141731692187
20122127098818
81714608814573
11403198783624
31116554130859
59851605842094
13795273395181
69476828027748
52086861788898
23198308371423
88055478852637
40763775341439
78701904575121
22603559586243
54958272442932
42314543715806
81009754663778
98882051383360
95017000858164
40375534071338
96912087223083
72860166516612
36745724609636
601138178051
89084202582821
64656988867328
33229543744908
90574558092728
72437855429278
86018509955444
26861619636345
67420824098390
37805434654452
9888578469889
49782304972078
9588784167086
42449670771546
98997803376784
47223204417594
18847652221847
32440830841129
55845541645719
74733611801325
73283998870898
85406363938657
31781214325388
11884343339840
15765184118450
40793421126587
42920145949731
48848053250268
23445538719405
34047037315921
49746571642865
44442058840266
15225913191733
59496105722405
18863385748692
29867490717148
2404052530112
42079731453805
16153926207604
7312698713442
99916426300640
2969923954047
92117650681142
35526651156205
81848438665528
34221901774188
293984014162
20163275546851
72156743946181
18217906670330
16435142025984
70775172738032
63556122609357
29079507955309
26397987239374
60415270198486
61436922964593
36785695533590
14152308967986
9759381621496
18659928650902
94349862002007
48969071211484
70721405455482
44186014712888
25420633262481
45557335152238
74749401188222
98665099816918
97263047437501
97298587246185
83577052236324
50663591161760
60769698957159
14311236613694
5949178192996
2210590390684
79344580175591
82447712456019
33783249083999
35210939990504
56967466118910
49181606948295
98771540604027
75229292013879
3130131888094
38007244818704
25934024708259
77180241890532
86970312718617
69589601392446
98088499515652
38276988181724
60161099315527
75400962818932
66833415432645
72092384844587
2293870328960
53033397865128
70888976992048
5228571140587
99362083400544
11417938221501
10161245029639
70937765491601
39200413471513
5859928233143
52185218772600
66794702966182
4667816881384
61825323006282
95246101039270
89928780281932
12114695497647
8775962959491
55778045352452
49066503165561
38502767942756
69331360304236
84781723373584
5403812923150
13678897902736
7385466974146
15454372944894
28523279208375
12843895673299
12884542693472
69229005905964
92778505429756
2257560020578
37661575017823
31749006601833
53186497062708
10197776592577
33798853766670
27447245142920
12610163189205
77592418846083
68091398540129
68910199332590
41105313270299
66892323659982
65844561137675
7282177287112
58444681987765
58388833333093
45709012028055
12957010083019
83140345209588
21600315896246
61744189301731
32895903931824
76547152469654
78144520869254
41779151756559
84050439816479
47916463991129
95573052267172
56714800920601
88670883607740
43953092557923
16283322288334
82193492794860
62070936790496
79771668459989
59817283272026
77202992618670
32531617022062
90972420350601
69971125078504
53768616326427
29728642663576
71601953646160
86554357296833
98339360798511
95168174211876
97315585469176
36534278815972
38184351150486
64326420231555
15510294135873
4262570271986
90109425236325
21011752181777
39781893865946
39783462032534
45858133668847
87963527394755
73955539483178
62660213097315
73454631499494
72963803527203
99083232736489
62956250448680
89375086622361
28614943523649
30352454547011
39983131718753
35867953670782
37011492832586
5422731639449
21642856842313
59902441867554
51344469560810
65507963900626
15987397004607
29420222228875
19921323549022
42620426797473
48570130941277
11829304264227
85909029064092
3293093732625
70252619282882
97172825824645
93840159239615
94086204832041
55732633920606
74681109564963
49370266811089
33280677069124
10428915863786
63118193423360
17354246202832
10533053971737
4987629434788
56299660233705
3008370327022
11796585512725
66983666583985
15154076320626
78194320388098
95485378049250
38192958835534
36216220036910
94874955165061
75176121418087
62913545620364
55707105969478
36961807542312
55044989907503
11811282359064
65318412275911
85739308393369
19899819558722
77008127878777
39428255800309
83525411207209
59218732645087
33223082096645
94501971393455
79553220007806
67242967257927
58732601590102
47725568212309
22781480668704
32767355838650
33544388106055
58465281801598
89860582226673
92812791706930
71516662886858
83786378859635
19235749836372
90434961174979
73882474148170
6107321282988
51701638376616
33862042639580
44477375149748
33185770644491
73080836744756
69623961279193
53611571556717
18126125374360
47547827606128
42922937123006
24524996395505
3491714462632
39145415079518
55825967993873
57408725783461
99375030757363
22785507332221
33559685652449
65692764466203
64110834539026
38894356947923
30241807772275
59961693663829
90512468405168
65406175799226
67445565860911
8904955976681
11836465570027
47868977990059
20268604324751
98369712298162
82555566853210
37942625871307
49989854005051
86401715556384
54771459648156
73433113601359
66531204665250
50989760535191
61825812910608
77416164980680
74994430562580
61763107925518
15324054693394
63975343859621
29876941016321
63079516871563
61125463368179
78983349416510
8324351327758
45205735245526
91178052668669
95779478881674
51648028544452
1268241407046
35306448575622
48934829074465
13385829172173
40793123297905
15329518255828
12638091686507
